10001100001000010000000000000000
00000001001000110001000000100000
00000001001000100010100000100010
10101100001100100000000000000000
00000001000100111010000000100100
00100001001010010000000000001010
00000010010000100011000000100101
00000001001100100010100000101010
00010100001101110000000000000000
00000010001001111010000000100000
10001100010000100000000000000000
00000010010100010001100000100000
00110010010001010000000000001111
10101100011001100000000000000000
00000010010010001011000000100010
00000011111000100001100000100101
00000010010100100010100000101010
00010100010001010000000000000000
00100010001001000000000000001010
10001100011100110000000000000000
00000010100001110001100000100000
00110010011100010000000000001111
10101100100000100000000000000000
00000011100010001010100000100010
00000001111011011000100000100101
00000010011110001010100000101010
00010100011100010000000000000000
00000010010000100010000000100000
00100010011110000000000000001010
10001100100001010000000000000000
