10101111101010000000001100001100
00100011010011010000001011001011
00000001000110000111000000100000
00110010111100110000000011011101
00110011001011000000000111101100
00010111101010110000001010110100
10101110111100100000000011010110
00010101001100000000000111111011
00000000101000111010000000100000
00010101001010100000000110100110
00110011011000000000001101101111
00110010011011010000001101010011
00000011010010101001100000100000
10001110001011010000001001111100
10101101100000010000001000100000
10001110001010010000000011101010
10101100111001100000001101011011
00100011100011100000000011110100
00010100100011100000001001010111
10001101101010010000000010111110
00000001000010100011100000100000
00110011100001010000000111011011
00110000100000110000000100010100
00010101011100010000001011001110
10001101111100100000001111011011
00110000110010000000000111000110
00010111000011110000000010111111
10101111100110110000001001110000
00010111000101010000000010101110
00000011000110101101000000100000
10101100000101000000000010110100
00000000011110101100000000100000
00100011110011100000001001101111
10101110011010110000001110111011
10101111110101000000001101011000
00100011010100000000000111110101
10001100100101010000001111011110
00000011000000100001100000100000
00000000100011110011000000100000
00000010011001110101000000100000
00100000110110010000000010110111
10001111001100010000000111010110
00110010110110100000001001111111
10101100100110000000001100101000
00010110011011000000001011111001
00010110110011000000001001000000
00100001011001100000000001100010
00110010010111000000001100110011
00010110101010100000000010010000
00000000101101010000100000100000
00000001010100110100100000100000
00100001010101110000001110110011
00110011111111100000000000100000
10001111010100100000000111001001
00000001111111100111100000100000
00100011001000010000000001111010
00110000000001000000001000101010
00010100001101000000000101111010
00000010101110010011000000100000
00010100111011010000001101000100
00000010001100111010000000100000
10001100010110010000000000000110
10101110001001100000000100000110
00000011110001110010100000100000
00010101100100010000000100010010
10101110100110010000000001100000
00010100110100010000000110111010
00100011111111010000000101001110
00010111111111110000001100110111
10101111010101100000000011111111
00010101110010110000000100001001
00110000110111100000001010110111
00100010101111010000000010000101
00110000000001000000001100101011
00110011000010100000001010100001
00000011000110111100000000100000
00100001010100110000001001101101
00000000100100111101100000100000
00110011001100000000000101101000
00000000000010001101000000100000
00000001101011011111000000100000
00100000000110000000001100111000
00000000100000101000000000100000
00010101101011100000001011001000
00000001101000011101000000100000
00110010000101010000001000001011
10001100110110000000001000100100
10101100110001010000000000010000
00000001101101000000000000100000
10001101111010110000000111110010
00100010111000000000000101010010
10001111111000100000001110110001
00110010101101110000000110001101
10101111110100110000000101001111
00100011110111000000001101111110
00110010110011010000001000100100
00110011010110110000001110001111
00010110101011100000000010000000
10101111101101100000000001000011
00010110010000100000001111110010
